%%Inputs: 
%% x=radial coordinate of data (n points); 
%% y=data (n points); 
%% yerr=data uncertainty n points); 
%% rho=radial cordinate of the fitted quantity (k points)  

ga_prof=[
0.000000E+00   2.228277E+00   5.294201E-02   7.103847E-07   7.275483E+00       0   0.000000E+00   9.968179E-05  -2.791286E+03
1.000000E-02   2.228211E+00   5.266311E-02   6.875996E-02   6.479358E+00       1   1.783498E-04   0.000000E+00   7.899838E+02
2.000000E-02   2.227989E+00   5.186663E-02   1.295872E-01   5.697103E+00       2   7.135416E-04   4.217307E-05   2.052298E+02
3.000000E-02   2.227579E+00   5.061762E-02   1.825849E-01   4.935337E+00       3   1.606003E-03   1.150174E-05   9.558167E+01
4.000000E-02   2.226944E+00   4.898592E-02   2.278843E-01   4.205195E+00       4   2.856496E-03   2.492045E-05   5.544595E+01
5.000000E-02   2.226053E+00   4.704390E-02   2.656553E-01   3.526383E+00       5   4.465969E-03   7.667830E-06   3.623733E+01
6.000000E-02   2.224869E+00   4.486546E-02   2.961201E-01   2.934741E+00       6   6.435660E-03   4.792394E-06   2.554567E+01
7.000000E-02   2.223361E+00   4.252467E-02   3.195744E-01   2.493114E+00       7   8.766994E-03   8.626309E-06   1.897857E+01
8.000000E-02   2.221493E+00   4.009479E-02   3.364157E-01   2.290003E+00       8   1.146163E-02   2.396197E-06   1.465433E+01
9.000000E-02   2.219231E+00   3.764733E-02   3.471868E-01   2.387093E+00       9   1.452191E-02   3.354676E-06   1.165510E+01
1.000000E-01   2.216541E+00   3.525006E-02   3.533077E-01   2.446342E+00      10   1.795125E-02   4.792394E-06   9.489094E+00
1.100000E-01   2.213391E+00   3.295714E-02   3.570060E-01   2.542388E+00      11   2.175439E-02   4.313154E-06   7.873463E+00
1.200000E-01   2.209744E+00   3.081707E-02   3.587726E-01   2.577000E+00      12   2.593592E-02   3.594295E-06   6.636055E+00
1.300000E-01   2.205567E+00   2.888268E-02   3.599472E-01   2.379627E+00      13   3.049957E-02   1.437718E-06   5.667151E+00
1.400000E-01   2.200827E+00   2.721570E-02   3.604839E-01   2.209545E+00      14   3.544896E-02   3.833915E-06   4.894139E+00
1.500000E-01   2.195489E+00   2.588109E-02   3.600603E-01   2.073487E+00      15   4.078510E-02   2.396197E-07   4.267407E+00
1.600000E-01   2.189520E+00   2.493871E-02   3.584297E-01   1.978483E+00      16   4.650874E-02   1.677338E-06   3.752113E+00
1.700000E-01   2.182884E+00   2.443154E-02   3.554126E-01   1.930600E+00      17   5.262053E-02   2.156577E-06   3.323205E+00
1.800000E-01   2.175549E+00   2.437470E-02   3.508934E-01   1.933346E+00      18   5.912143E-02   1.677338E-06   2.962308E+00
1.900000E-01   2.167479E+00   2.474970E-02   3.448130E-01   1.976641E+00      19   6.601256E-02   1.198098E-06   2.655684E+00
2.000000E-01   2.158642E+00   2.550705E-02   3.371465E-01   2.061057E+00      20   7.329325E-02   2.396197E-07   2.392894E+00
2.100000E-01   2.149003E+00   2.657615E-02   3.279370E-01   2.188253E+00      21   8.095922E-02   1.198098E-06   2.165895E+00
2.200000E-01   2.138527E+00   2.787715E-02   3.173222E-01   2.322224E+00      22   8.900286E-02   4.792394E-07   1.968407E+00
2.300000E-01   2.127182E+00   2.933315E-02   3.057776E-01   2.390358E+00      23   9.741885E-02   1.557528E-06   1.795471E+00
2.400000E-01   2.114932E+00   3.087906E-02   2.936354E-01   2.480775E+00      24   1.062077E-01   7.188590E-07   1.643132E+00
2.500000E-01   2.101744E+00   3.245959E-02   2.810479E-01   2.598957E+00      25   1.153674E-01   1.198098E-06   1.508193E+00
2.600000E-01   2.087584E+00   3.402775E-02   2.682459E-01   2.730991E+00      26   1.248903E-01   5.990492E-07   1.388059E+00
2.700000E-01   2.072418E+00   3.554344E-02   2.555142E-01   2.841045E+00      27   1.347663E-01   1.258003E-06   1.280599E+00
2.800000E-01   2.056211E+00   3.697347E-02   2.432131E-01   2.908940E+00      28   1.449854E-01   4.193344E-07   1.184056E+00
2.900000E-01   2.038931E+00   3.829218E-02   2.317274E-01   2.944317E+00      29   1.555363E-01   1.078289E-06   1.096962E+00
3.000000E-01   2.020542E+00   3.948181E-02   2.215090E-01   2.927735E+00      30   1.664065E-01   2.396197E-07   1.018091E+00
3.100000E-01   2.001010E+00   4.053119E-02   2.128362E-01   2.861648E+00      31   1.775819E-01   4.792394E-07   9.464090E-01
3.200000E-01   1.980302E+00   4.143486E-02   2.057494E-01   2.817047E+00      32   1.890474E-01   3.594295E-07   8.810393E-01
3.300000E-01   1.958410E+00   4.218927E-02   2.001924E-01   2.811041E+00      33   2.007882E-01   4.792394E-07   8.212361E-01
3.400000E-01   1.935378E+00   4.279100E-02   1.961455E-01   2.818230E+00      34   2.127877E-01   5.990492E-07   7.663589E-01
3.500000E-01   1.911259E+00   4.323711E-02   1.936938E-01   2.835631E+00      35   2.250282E-01   2.995246E-07   7.158573E-01
3.600000E-01   1.886104E+00   4.352587E-02   1.930270E-01   2.842714E+00      36   2.374912E-01   6.589541E-07   6.692557E-01
3.700000E-01   1.859965E+00   4.365790E-02   1.943091E-01   2.847165E+00      37   2.501581E-01   0.000000E+00   6.261422E-01
3.800000E-01   1.832893E+00   4.363703E-02   1.975333E-01   2.780566E+00      38   2.630110E-01   5.391443E-07   5.861567E-01
3.900000E-01   1.804940E+00   4.347010E-02   2.025705E-01   2.731307E+00      39   2.760321E-01   2.096672E-07   5.489853E-01
4.000000E-01   1.776159E+00   4.316607E-02   2.090062E-01   2.627116E+00      40   2.892028E-01   2.096672E-07   5.145112E-01
4.100000E-01   1.746600E+00   4.273841E-02   2.160761E-01   2.482734E+00      41   3.025055E-01   3.294771E-07   4.838567E-01
4.200000E-01   1.716316E+00   4.220445E-02   2.232386E-01   2.353708E+00      42   3.159243E-01   8.985738E-08   4.566976E-01
4.300000E-01   1.685357E+00   4.158219E-02   2.301450E-01   2.260100E+00      43   3.294438E-01   0.000000E+00   4.324404E-01
4.400000E-01   1.653777E+00   4.088865E-02   2.365314E-01   2.198422E+00      44   3.430496E-01   5.990492E-08   4.106208E-01
4.500000E-01   1.621626E+00   4.013896E-02   2.422223E-01   2.166244E+00      45   3.567291E-01   2.695722E-07   3.908699E-01
4.600000E-01   1.588956E+00   3.934564E-02   2.471721E-01   2.167192E+00      46   3.704699E-01   8.985738E-08   3.728923E-01
4.700000E-01   1.555819E+00   3.852055E-02   2.512059E-01   2.080457E+00      47   3.842607E-01   3.594295E-07   3.564473E-01
4.800000E-01   1.522267E+00   3.767708E-02   2.540773E-01   2.046895E+00      48   3.980903E-01   2.995246E-08   3.413378E-01
4.900000E-01   1.488352E+00   3.682665E-02   2.557440E-01   2.069095E+00      49   4.119483E-01   2.396197E-07   3.274019E-01
5.000000E-01   1.454124E+00   3.597721E-02   2.562229E-01   2.127410E+00      50   4.258254E-01   2.096672E-07   3.145039E-01
5.100000E-01   1.419637E+00   3.513366E-02   2.556128E-01   2.237922E+00      51   4.397117E-01   4.193344E-07   3.025310E-01
5.200000E-01   1.384941E+00   3.429696E-02   2.541903E-01   2.393925E+00      52   4.535983E-01   2.995246E-08   2.913881E-01
5.300000E-01   1.350088E+00   3.346430E-02   2.523577E-01   2.586127E+00      53   4.674764E-01   0.000000E+00   2.809949E-01
5.400000E-01   1.315130E+00   3.263007E-02   2.505358E-01   2.756984E+00      54   4.813373E-01   1.797148E-07   2.712840E-01
5.500000E-01   1.280119E+00   3.178716E-02   2.491662E-01   2.953989E+00      55   4.951734E-01   0.000000E+00   2.621982E-01
5.600000E-01   1.245106E+00   3.092756E-02   2.487018E-01   3.093541E+00      56   5.089766E-01   1.497623E-07   2.536892E-01
5.700000E-01   1.210144E+00   3.004723E-02   2.491233E-01   3.189378E+00      57   5.227394E-01   0.000000E+00   2.457167E-01
5.800000E-01   1.175284E+00   2.914668E-02   2.503378E-01   3.329372E+00      58   5.364553E-01   1.497623E-07   2.382474E-01
5.900000E-01   1.140577E+00   2.822742E-02   2.527857E-01   3.485182E+00      59   5.501162E-01   1.797148E-07   2.312537E-01
6.000000E-01   1.106075E+00   2.729212E-02   2.561387E-01   3.462731E+00      60   5.637159E-01   1.647385E-07   2.247142E-01
6.100000E-01   1.071831E+00   2.634598E-02   2.596616E-01   3.446483E+00      61   5.772484E-01   2.096672E-07   2.186125E-01
